Hull;QPR;1;0;35;30;False;11;19;4;6;10;10;9;8;2;1;0;0
Hull;Stoke;1;1;35;54;True;9;19;2;3;10;10;4;5;1;3;1;0
Hull;Aston Villa;1;2;35;38;False;9;11;3;4;10;9;7;3;4;1;0;0
Hull;West Ham;2;2;35;47;True;11;16;6;4;12;7;3;10;3;1;0;0
Hull;Newcastle;2;2;35;39;False;10;25;3;7;11;11;2;4;2;4;0;0
Hull;Man City;2;4;35;79;True;10;20;5;6;10;6;3;8;0;2;0;0
Hull;Crystal Palace;2;0;35;48;True;15;11;2;2;6;14;6;7;1;2;0;0
Hull;Arsenal;2;2;35;75;False;4;25;4;9;13;9;0;10;2;2;0;0
Hull;Liverpool;0;0;35;62;False;6;17;3;4;17;12;1;14;2;3;0;0
Hull;Southampton;0;1;35;60;True;8;10;1;3;6;9;7;4;1;0;0;0
Hull;Burnley;0;1;35;33;False;12;14;1;3;17;17;1;7;4;6;0;0
Hull;Tottenham;1;2;35;64;True;10;23;2;6;15;9;3;9;3;1;1;0
Hull;Man United;0;3;35;70;False;4;12;2;6;12;12;0;7;2;2;0;0
Hull;Everton;1;1;35;47;False;8;13;1;5;12;8;4;6;1;1;0;0
Hull;West Brom;0;0;35;44;True;12;6;2;3;10;16;3;2;1;1;0;0
Hull;Chelsea;0;2;35;87;False;8;12;0;3;13;13;4;5;3;3;1;0
Hull;Swansea;0;1;35;56;True;11;13;3;3;14;16;4;5;2;2;0;0
Hull;Sunderland;3;1;35;38;False;13;12;5;3;6;12;4;10;2;4;0;0
Hull;Leicester;0;1;35;41;True;18;4;5;2;12;12;7;1;0;1;1;1
Hull;Everton;2;0;35;47;True;14;9;5;3;16;15;4;8;2;3;0;1
Hull;West Brom;0;1;35;44;False;12;9;2;3;13;5;2;5;0;1;0;0
Hull;West Ham;0;3;35;47;False;9;17;3;6;14;5;7;4;3;1;0;0
Hull;Newcastle;0;3;35;39;True;13;12;8;5;15;13;3;3;4;1;0;0
Hull;Man City;1;1;35;79;False;7;18;3;5;8;9;1;13;4;2;0;0
Hull;Aston Villa;2;0;35;38;True;10;11;4;4;16;11;3;7;1;2;0;0
Hull;QPR;2;1;35;30;True;16;8;6;3;18;16;5;7;0;4;0;1
Hull;Stoke;0;1;35;54;False;1;17;0;2;10;9;2;5;2;2;0;0
Hull;Sunderland;1;1;35;38;True;15;9;5;3;9;15;6;4;2;6;0;0
Hull;Leicester;0;0;35;41;False;12;15;5;3;15;10;5;7;4;0;1;0
Hull;Chelsea;2;3;35;87;True;19;8;8;3;14;11;6;6;0;2;0;0
Hull;Swansea;1;3;35;56;False;10;9;1;4;14;11;7;4;5;1;1;0
Hull;Southampton;0;2;35;60;False;15;9;4;4;11;7;5;2;0;2;0;0
Hull;Crystal Palace;2;0;35;48;False;21;7;7;3;10;15;9;0;0;0;0;0
Hull;Liverpool;1;0;35;62;True;7;12;4;9;10;10;7;7;2;0;0;0
Hull;Arsenal;1;3;35;75;True;8;22;1;9;8;11;0;5;2;0;0;0
Hull;Burnley;0;1;35;33;True;21;8;3;2;16;12;9;3;1;1;0;0
Hull;Tottenham;0;2;35;64;False;14;10;2;3;6;10;8;6;1;3;0;0
Hull;Man United;0;0;35;70;True;16;7;6;1;12;15;8;1;2;2;0;1
Hull;Fulham;2;1;35;52;True;11;12;6;6;10;9;5;6;3;0;0;0
Hull;Blackburn;1;1;35;67;False;7;12;4;5;15;11;3;6;1;0;0;0
Hull;Wigan;0;5;35;39;True;10;8;5;5;18;12;7;3;1;0;0;0
Hull;Newcastle;2;1;35;39;False;8;13;4;4;17;13;3;5;2;0;0;1
Hull;Everton;2;2;35;47;True;9;17;5;8;11;12;4;6;0;1;0;0
Hull;Arsenal;2;1;35;75;False;7;18;5;9;7;8;4;15;1;2;0;0
Hull;Tottenham;1;0;35;64;False;10;27;6;16;15;15;0;12;2;4;0;0
Hull;West Ham;1;0;35;47;True;12;14;4;5;11;11;3;5;2;1;0;0
Hull;West Brom;3;0;35;44;False;16;24;10;16;13;12;5;14;2;1;0;0
Hull;Chelsea;0;3;35;87;True;10;27;5;11;11;13;5;5;0;2;0;0
Hull;Man United;3;4;35;70;False;11;20;7;11;13;12;1;9;2;2;0;0
Hull;Bolton;0;1;35;51;True;16;10;11;6;15;10;6;7;1;2;0;0
Hull;Man City;2;2;35;79;True;11;12;6;8;15;16;3;6;2;3;0;0
Hull;Portsmouth;2;2;35;72;False;13;14;6;7;13;13;7;7;1;2;0;0
Hull;Stoke;1;1;35;54;False;6;10;5;5;20;17;3;5;3;2;0;0
Hull;Middlesbrough;2;1;35;85;True;17;9;7;7;10;8;8;6;1;1;0;1
Hull;Liverpool;2;2;35;62;False;9;22;3;10;8;12;4;8;3;3;0;0
Hull;Sunderland;1;4;35;38;True;14;15;8;6;20;10;6;6;3;1;1;0
Hull;Man City;1;5;35;79;False;15;23;11;16;14;15;10;8;4;0;0;0
Hull;Aston Villa;0;1;35;38;True;8;7;3;3;11;8;9;5;1;2;0;0
Hull;Everton;0;2;35;47;False;5;8;0;5;26;14;3;5;5;2;0;0
Hull;Arsenal;1;3;35;75;True;4;13;3;9;11;19;4;4;1;1;0;0
Hull;West Ham;0;2;35;47;False;15;25;12;13;15;11;5;11;1;0;0;0
Hull;West Brom;2;2;35;44;True;16;13;12;7;13;12;8;6;2;4;0;0
Hull;Chelsea;0;0;35;87;False;12;13;4;6;16;11;3;13;2;1;0;0
Hull;Tottenham;1;2;35;64;True;12;9;4;6;11;7;11;13;2;1;0;0
Hull;Blackburn;1;2;35;67;True;9;8;5;6;14;19;6;4;2;3;1;1
Hull;Fulham;1;0;35;52;False;10;17;3;9;14;11;5;13;1;3;0;0
Hull;Newcastle;1;1;35;39;True;9;9;2;3;18;13;3;3;3;3;0;0
Hull;Wigan;0;1;35;39;False;8;16;2;6;13;14;4;5;3;1;0;0
Hull;Portsmouth;0;0;35;72;True;9;7;1;2;13;14;1;4;0;2;0;1
Hull;Middlesbrough;1;3;35;85;False;12;15;6;9;16;15;3;3;3;3;0;0
Hull;Sunderland;0;1;35;38;False;13;8;3;4;23;11;6;6;3;2;0;0
Hull;Liverpool;1;3;35;62;True;7;21;5;8;15;14;3;8;3;1;1;0
Hull;Aston Villa;0;1;35;38;False;9;12;5;8;10;13;7;13;2;0;0;0
Hull;Stoke;1;2;35;54;True;14;10;5;2;12;15;5;3;0;1;0;0
Hull;Bolton;1;1;35;51;False;20;16;12;9;9;11;7;5;2;1;0;0
Hull;Man United;0;1;35;70;True;12;12;8;5;17;11;8;3;2;1;0;0
Hull;Chelsea;0;2;35;87;False;7;22;2;5;16;7;1;5;1;0;0;0
Hull;Norwich;1;0;35;86;True;6;13;1;4;14;19;1;5;1;1;1;0
Hull;Man City;0;2;35;79;False;7;12;2;6;14;15;4;7;3;2;0;0
Hull;Cardiff;1;1;35;62;True;18;10;5;2;8;8;6;2;1;2;0;0
Hull;Newcastle;3;2;35;39;False;12;15;5;2;8;11;3;3;1;1;0;0
Hull;West Ham;1;0;35;47;True;9;18;2;5;11;12;6;6;1;2;0;0
Hull;Aston Villa;0;0;35;38;True;6;18;1;4;7;11;7;7;2;1;0;0
Hull;Everton;1;2;35;47;False;9;14;1;6;17;7;7;5;1;3;0;0
Hull;Tottenham;0;1;35;64;False;10;15;4;6;10;13;4;6;3;3;0;0
Hull;Sunderland;1;0;35;38;True;25;9;2;1;17;11;4;2;2;0;0;2
Hull;Southampton;1;4;35;60;False;10;15;2;7;15;10;5;6;2;1;0;0
Hull;Crystal Palace;0;1;35;48;True;15;9;2;2;8;11;11;4;2;1;0;1
Hull;Liverpool;3;1;35;62;True;12;9;4;4;10;16;2;6;2;0;0;0
Hull;Arsenal;0;2;35;75;False;7;20;2;7;6;9;1;11;0;0;0;0
Hull;Swansea;1;1;35;56;False;9;11;2;2;7;8;1;12;3;3;0;0
Hull;Stoke;0;0;35;54;True;13;11;4;2;11;13;7;5;1;0;0;0
Hull;West Brom;1;1;35;44;False;6;14;3;3;15;8;2;9;1;2;0;0
Hull;Man United;2;3;35;70;True;17;13;5;4;12;14;6;5;2;2;0;1
Hull;Fulham;6;0;35;52;True;21;5;13;2;11;9;6;1;0;0;0;0
Hull;Liverpool;0;2;35;62;False;10;17;0;6;15;15;4;3;2;1;0;0
Hull;Chelsea;0;2;35;87;True;10;14;2;5;12;7;1;7;2;1;0;0
Hull;Norwich;0;1;35;86;False;10;25;0;4;16;8;8;10;2;1;1;0
Hull;Crystal Palace;0;1;35;48;False;13;13;4;3;8;14;3;8;0;4;1;0
Hull;Tottenham;1;1;35;64;True;9;19;4;3;13;9;4;10;1;1;0;0
Hull;Sunderland;2;0;35;38;False;25;7;9;3;16;12;6;2;3;1;0;1
Hull;Southampton;0;1;35;60;True;12;16;4;7;6;8;2;2;0;3;0;0
Hull;Cardiff;4;0;35;62;False;12;23;6;5;11;4;2;9;1;1;0;0
Hull;Newcastle;1;4;35;39;True;13;17;3;7;13;10;6;3;3;2;0;0
Hull;Man City;0;2;35;79;True;15;8;5;3;9;14;3;4;2;2;0;1
Hull;West Brom;2;0;35;44;True;12;17;5;4;18;13;4;5;2;0;0;0
Hull;West Ham;1;2;35;47;False;10;9;3;3;9;12;5;4;1;0;1;0
Hull;Stoke;0;1;35;54;False;5;15;3;3;9;9;1;8;0;2;0;0
Hull;Swansea;1;0;35;56;True;8;12;4;2;6;18;7;2;0;2;0;0
Hull;Arsenal;0;3;35;75;True;13;12;4;6;10;7;7;0;1;1;0;0
Hull;Fulham;2;2;35;52;False;8;10;4;3;7;8;2;7;3;1;0;0
Hull;Aston Villa;1;3;35;38;False;7;15;2;9;9;14;5;8;0;0;0;0
Hull;Man United;1;3;35;70;False;2;18;2;7;9;13;0;8;1;1;0;0
Hull;Everton;0;2;35;47;True;12;11;3;4;8;8;6;4;0;1;0;0
Hull;Chelsea;1;2;35;87;False;7;26;3;12;15;13;4;12;2;1;0;0
Hull;Tottenham;1;5;35;64;True;9;18;7;12;23;13;6;5;3;2;0;0
Hull;Bolton;1;0;35;51;True;12;20;5;10;19;19;4;12;3;2;0;0
Hull;Wolves;1;1;35;78;False;5;24;4;17;15;11;2;8;2;0;0;0
Hull;Sunderland;1;4;35;38;False;6;7;5;4;15;18;8;7;2;2;0;0
Hull;Birmingham;0;1;35;63;True;16;14;11;9;15;13;10;8;0;2;0;0
Hull;Liverpool;1;6;35;62;False;7;22;3;14;3;10;2;13;4;1;0;0
Hull;Wigan;2;1;35;39;True;11;13;6;5;14;8;4;2;0;2;0;0
Hull;Fulham;0;2;35;52;False;5;17;2;11;15;13;4;7;1;1;0;0
Hull;Portsmouth;0;0;35;72;True;7;8;3;2;16;23;6;6;2;1;0;0
Hull;Burnley;0;2;35;33;False;8;11;6;5;13;12;1;8;4;1;1;0
Hull;Stoke;2;1;35;54;True;16;7;8;4;12;14;4;2;1;4;0;1
Hull;West Ham;3;3;35;47;True;12;16;8;10;9;17;5;3;0;4;1;0
Hull;Everton;3;2;35;47;True;8;5;7;3;18;23;3;4;1;4;0;0
Hull;Man City;1;1;35;79;False;8;17;3;7;12;14;2;8;3;1;0;0
Hull;Aston Villa;0;3;35;38;False;5;13;1;6;15;15;3;9;3;4;0;0
Hull;Blackburn;0;0;35;67;True;9;14;7;9;14;19;3;4;1;2;0;0
Hull;Arsenal;0;3;35;75;False;6;18;2;9;14;9;0;8;5;1;0;0
Hull;Man United;1;3;35;70;True;12;19;6;11;13;17;5;6;0;2;0;0
Hull;Bolton;2;2;35;51;False;12;16;7;6;18;14;8;8;2;1;0;0
Hull;Tottenham;0;0;35;64;False;8;25;2;18;11;14;1;14;2;4;0;0
Hull;Man United;0;4;35;70;False;8;25;4;15;10;6;8;12;1;1;0;0
Hull;Wolves;2;2;35;78;True;8;13;4;4;15;10;4;7;2;0;0;0
Hull;Chelsea;1;1;35;87;True;7;21;3;11;9;12;6;8;1;3;0;0
Hull;Man City;2;1;35;79;True;8;17;4;11;14;14;4;8;2;4;0;0
Hull;Blackburn;0;1;35;67;False;7;20;4;10;13;14;6;6;3;1;1;0
Hull;West Ham;0;3;35;47;False;7;20;3;12;12;13;2;9;1;1;1;0
Hull;Everton;1;5;35;47;False;7;18;4;10;21;12;1;4;1;0;0;0
Hull;Arsenal;1;2;35;75;True;7;18;2;9;16;13;2;8;2;2;1;0
Hull;Portsmouth;2;3;35;72;False;9;18;5;10;8;7;1;11;0;1;0;0
Hull;Fulham;2;0;35;52;True;7;12;4;9;11;15;6;8;2;4;0;0
Hull;Stoke;0;2;35;54;False;5;9;3;3;12;12;2;3;2;3;0;0
Hull;Burnley;1;4;35;33;True;11;9;4;7;19;14;6;1;5;1;0;0
Hull;Birmingham;0;0;35;63;False;11;10;4;7;12;11;1;8;0;0;0;0
Hull;Aston Villa;0;2;35;38;True;14;11;10;5;8;7;11;9;2;2;0;0
Hull;Sunderland;0;1;35;38;True;14;10;8;5;12;17;3;6;1;3;1;1
Hull;Wigan;2;2;35;39;False;6;13;3;7;14;11;1;8;0;2;0;0
Hull;Liverpool;0;0;35;62;True;11;19;6;7;15;11;2;6;1;0;0;0
