QPR;Hull;0;1;30;35;True;19;11;6;4;10;10;8;9;1;2;0;0
QPR;Tottenham;0;4;30;64;False;9;18;1;5;6;12;6;7;1;0;0;0
QPR;Sunderland;1;0;30;38;True;18;16;5;6;8;9;4;6;1;2;0;0
QPR;Man United;0;4;30;70;False;9;19;2;9;8;11;1;3;0;1;0;0
QPR;Stoke;2;2;30;54;True;21;8;5;4;6;15;10;1;2;4;0;0
QPR;Southampton;1;2;30;60;False;10;19;2;9;11;12;3;6;1;2;0;0
QPR;West Ham;0;2;30;47;False;10;11;3;3;11;10;5;7;2;2;0;0
QPR;Liverpool;2;3;30;62;True;15;15;6;5;10;15;7;2;2;3;0;0
QPR;Aston Villa;2;0;30;38;True;11;15;4;6;11;14;2;4;0;2;0;0
QPR;Chelsea;1;2;30;87;False;7;18;1;8;12;8;2;13;0;0;0;0
QPR;Man City;2;2;30;79;True;17;23;4;6;9;10;7;7;4;2;0;0
QPR;Newcastle;0;1;30;39;False;13;14;4;6;15;12;7;16;3;2;0;0
QPR;Leicester;3;2;30;41;True;32;19;6;5;8;17;11;5;3;2;0;0
QPR;Swansea;0;2;30;56;False;5;18;1;7;12;8;2;9;2;2;0;0
QPR;Burnley;2;0;30;33;True;11;15;6;3;12;12;3;11;1;1;1;0
QPR;Everton;1;3;30;47;False;17;13;4;5;12;11;8;1;1;1;0;0
QPR;West Brom;3;2;30;44;True;17;16;7;6;16;8;5;11;1;0;0;0
QPR;Arsenal;1;2;30;75;False;16;15;2;5;15;6;2;6;4;1;0;1
QPR;Crystal Palace;0;0;30;48;True;11;10;3;3;11;17;9;4;2;1;0;0
QPR;Swansea;1;1;30;56;True;24;25;6;6;22;5;4;9;4;0;0;1
QPR;Burnley;1;2;30;33;False;17;18;7;7;9;14;6;10;2;2;0;0
QPR;Man United;0;2;30;70;True;18;12;4;7;12;10;3;3;3;2;0;0
QPR;Stoke;1;3;30;54;False;14;15;4;3;12;11;5;3;2;2;0;0
QPR;Southampton;0;1;30;60;True;12;16;3;5;13;16;3;4;2;2;0;0
QPR;Sunderland;2;0;30;38;False;19;16;4;5;12;8;4;8;3;2;0;0
QPR;Hull;1;2;30;35;False;8;16;3;6;16;18;7;5;4;0;1;0
QPR;Arsenal;1;2;30;75;True;10;20;3;9;10;8;1;6;2;1;0;0
QPR;Tottenham;1;2;30;64;True;17;13;6;6;15;12;3;5;1;2;0;0
QPR;Crystal Palace;1;3;30;48;False;11;15;4;4;16;17;3;6;3;1;0;0
QPR;Everton;1;2;30;47;True;14;8;1;3;11;12;1;3;2;1;0;0
QPR;West Brom;4;1;30;44;False;12;21;7;6;15;6;4;2;3;2;0;1
QPR;Aston Villa;3;3;30;38;False;11;21;5;7;12;8;3;7;4;0;0;0
QPR;Chelsea;0;1;30;87;True;15;9;4;1;12;6;5;6;2;1;0;0
QPR;West Ham;0;0;30;47;True;18;8;7;2;14;12;6;6;1;0;0;0
QPR;Liverpool;1;2;30;62;False;10;25;2;8;18;9;6;9;3;2;1;0
QPR;Man City;0;6;30;79;False;9;23;3;11;7;12;4;7;1;0;0;0
QPR;Newcastle;2;1;30;39;True;8;22;4;8;12;8;3;12;2;0;0;0
QPR;Leicester;1;5;30;41;False;18;22;2;7;6;7;6;5;0;0;0;0
QPR;Bolton;0;4;30;51;True;13;13;7;7;9;16;3;2;1;2;1;0
QPR;Everton;1;0;30;47;False;4;14;3;7;9;12;1;2;1;1;0;0
QPR;Wigan;0;2;30;39;False;19;13;9;10;8;13;7;8;0;2;0;0
QPR;Newcastle;0;0;30;39;True;14;8;5;3;10;15;6;4;1;3;0;0
QPR;Wolves;3;0;30;78;False;17;13;12;6;13;15;8;4;3;2;0;0
QPR;Aston Villa;1;1;30;38;True;17;8;9;4;14;19;11;8;1;6;1;0
QPR;Fulham;0;6;30;52;False;17;19;10;13;7;10;4;4;3;2;0;0
QPR;Blackburn;1;1;30;67;True;12;10;6;9;10;13;5;7;3;2;0;0
QPR;Chelsea;1;0;30;87;True;8;14;3;7;17;17;0;6;2;7;0;2
QPR;Tottenham;1;3;30;64;False;12;22;8;13;14;12;8;4;0;0;0;0
QPR;Man City;2;3;30;79;True;18;16;9;8;5;14;3;1;1;1;0;0
QPR;Stoke;3;2;30;54;False;9;17;8;7;10;17;5;9;2;4;0;0
QPR;Norwich;1;2;30;86;False;13;15;4;8;7;15;4;6;0;1;0;0
QPR;West Brom;1;1;30;44;True;14;15;4;10;7;9;3;5;0;3;0;0
QPR;Liverpool;0;1;30;62;False;6;21;2;15;5;12;5;17;0;2;0;0
QPR;Man United;0;2;30;70;True;11;19;3;12;5;7;5;10;1;2;0;0
QPR;Sunderland;2;3;30;38;True;17;17;9;13;10;11;8;11;2;2;0;0
QPR;Swansea;1;1;30;56;False;12;7;7;4;12;9;11;5;3;1;0;0
QPR;Arsenal;0;1;30;75;False;6;16;3;7;13;11;4;12;2;2;0;0
QPR;Norwich;1;2;30;86;True;9;13;6;6;12;12;2;5;2;1;1;0
QPR;Newcastle;0;1;30;39;False;15;9;9;4;9;5;2;3;4;0;0;0
QPR;Wigan;3;1;30;39;True;16;9;8;4;10;15;7;1;2;2;0;0
QPR;Aston Villa;2;2;30;38;False;3;23;3;15;12;3;3;9;1;0;0;0
QPR;Wolves;1;2;30;78;True;13;14;8;6;7;14;7;3;0;3;1;0
QPR;Blackburn;2;3;30;67;False;25;7;13;5;10;11;6;5;1;1;0;0
QPR;Fulham;0;1;30;52;True;17;7;8;3;17;12;6;5;1;4;1;0
QPR;Everton;1;1;30;47;True;22;8;10;5;16;15;7;7;1;2;0;0
QPR;Bolton;1;2;30;51;False;17;11;11;7;13;13;6;10;2;2;0;0
QPR;Liverpool;3;2;30;62;True;10;18;5;11;8;6;7;17;0;0;0;0
QPR;Sunderland;1;3;30;38;False;10;15;6;8;9;11;2;5;3;2;1;0
QPR;Arsenal;2;1;30;75;True;10;13;8;7;13;9;4;6;5;2;0;0
QPR;Man United;0;2;30;70;False;9;24;7;14;10;13;5;11;0;1;1;0
QPR;Swansea;3;0;30;56;True;16;9;8;6;9;10;6;9;2;0;0;0
QPR;West Brom;0;1;30;44;False;16;15;6;10;11;13;8;6;1;3;0;0
QPR;Tottenham;1;0;30;64;True;12;17;5;8;13;10;4;13;4;0;1;0
QPR;Chelsea;1;6;30;87;False;11;25;7;18;8;9;5;8;1;0;0;0
QPR;Stoke;1;0;30;54;True;21;8;12;1;11;14;7;3;0;0;0;0
QPR;Man City;2;3;30;79;False;3;35;3;24;6;4;0;19;1;1;1;0
QPR;Swansea;0;5;30;56;True;12;11;8;11;14;5;3;2;2;0;0;2
QPR;Norwich;1;1;30;86;False;4;6;15;4;6;14;0;2;0;2;2.25;0
QPR;Man City;1;3;30;79;False;12;9;12;5;8;3;2;3;0;1;1.18;0
QPR;Chelsea;0;0;30;87;True;13;6;9;16;17;2;4;0;2;0;0;4.5
QPR;Tottenham;1;2;30;64;False;14;9;7;6;10;12;0;9;0;2;1.44;0
QPR;West Ham;1;2;30;47;True;17;9;10;9;21;4;13;1;8;1;0;2.05
QPR;West Brom;2;3;30;44;False;8;13;16;6;2;12;2;5;0;2;1.83;0
QPR;Everton;1;1;30;47;True;10;6;4;12;18;5;4;2;1;0;1;3.25
QPR;Arsenal;0;1;30;75;False;11;4;14;3;5;9;1;2;0;2;1.36;1
QPR;Reading;1;1;30;50;True;18;12;8;11;15;8;8;0;2;0;0;1.8
QPR;Stoke;0;1;30;54;False;5;17;11;8;5;16;2;5;0;3;1.91;0
QPR;Southampton;1;3;30;60;True;21;7;15;12;9;4;13;1;0;0;0;1.91
QPR;Man United;1;3;30;70;False;10;10;6;6;9;10;1;7;0;1;1.17;0
QPR;Sunderland;0;0;30;38;False;8;13;10;9;5;15;1;8;0;3;2.25;0
QPR;Aston Villa;1;1;30;38;True;7;12;3;5;6;11;4;1;2;0;0;1.95
QPR;Wigan;2;2;30;39;False;9;8;7;4;11;11;0;4;0;1;2.3;0
QPR;Fulham;2;1;30;52;True;6;9;3;10;14;3;3;1;2;0;0;2.4
QPR;Newcastle;0;1;30;39;False;8;5;9;4;10;16;3;3;0;2;2.1;0
QPR;West Brom;1;2;30;44;True;12;8;6;9;10;14;9;1;0;0;0;2.2
QPR;Liverpool;0;3;30;62;True;16;7;11;10;8;1;9;2;1;0;0;4
QPR;Chelsea;1;0;30;87;False;11;8;12;5;14;8;1;2;0;1;1.2;0
QPR;Tottenham;0;0;30;64;True;16;1;8;10;7;2;6;1;1;0;0;4.5
QPR;West Ham;1;1;30;47;False;13;9;6;6;12;11;1;2;0;0;2.1;0
QPR;Man City;0;0;30;79;True;15;3;7;9;9;2;10;2;2;0;0;7.5
QPR;Norwich;0;0;30;86;True;14;7;9;6;20;10;8;2;5;0;0;1.95
QPR;Swansea;1;4;30;56;False;12;14;10;8;5;9;1;2;0;3;1.83;0
QPR;Man United;0;2;30;70;True;13;5;8;10;6;2;4;0;0;0;0;7
QPR;Southampton;2;1;30;60;False;9;5;7;3;6;15;1;3;0;3;1.85;0
QPR;Sunderland;3;1;30;38;True;7;8;3;4;19;4;5;0;2;0;0;2.25
QPR;Aston Villa;2;3;30;38;False;6;18;16;11;9;10;3;6;0;2;2.3;0
QPR;Fulham;2;3;30;52;False;5;19;11;11;3;7;2;6;1;1;2;0
QPR;Wigan;1;1;30;39;True;16;2;10;9;12;2;10;2;3;1;0;2.38
QPR;Everton;0;2;30;47;False;10;8;6;5;13;12;3;5;0;3;1.44;0
QPR;Stoke;0;2;30;54;True;11;11;4;8;14;5;5;1;2;0;0;2.25
QPR;Reading;0;0;30;50;False;7;15;12;5;9;14;0;7;0;2;2.55;0
QPR;Arsenal;0;1;30;75;True;13;6;11;8;6;3;7;2;1;0;0;8
QPR;Newcastle;1;2;30;39;True;10;3;7;8;8;2;2;1;3;0;1;3.4
QPR;Liverpool;0;1;30;62;False;20;10;7;3;14;3;1;0;0;3;1.25;0
